sample_id,session_id,timestamp,mat_path,label_path,target_present,target_class,payload_present,payload_mass_g,payload_state,distance_m,velocity_mps,azimuth_deg,beam_layer,range_index_0,range_gate_1,velocity_index_0,doppler_bin,split
20260202_144238_beam1,20260202_144238,20260202_144238,data/raw/IQ_Data/20260202_144238_beam1.mat,data/raw/Labels/20260202_144238_beam1.txt,1,uav,unknown,,unknown,2040.0,-2.19,312.35,1,67,68,76,12,val
20260202_144238_beam2,20260202_144238,20260202_144238,data/raw/IQ_Data/20260202_144238_beam2.mat,data/raw/Labels/20260202_144238_beam2.txt,1,uav,unknown,,unknown,2040.0,-2.19,311.35,2,67,68,76,12,val
20260202_144238_beam3,20260202_144238,20260202_144238,data/raw/IQ_Data/20260202_144238_beam3.mat,data/raw/Labels/20260202_144238_beam3.txt,1,uav,unknown,,unknown,2040.0,-2.19,312.35,3,67,68,76,12,val
20260202_144238_beam4,20260202_144238,20260202_144238,data/raw/IQ_Data/20260202_144238_beam4.mat,data/raw/Labels/20260202_144238_beam4.txt,1,uav,unknown,,unknown,2040.0,-2.19,312.35,4,67,68,76,12,val
20260202_144246_beam1,20260202_144246,20260202_144246,data/raw/IQ_Data/20260202_144246_beam1.mat,data/raw/Labels/20260202_144246_beam1.txt,1,uav,unknown,,unknown,2040.0,-1.83,312.22,1,67,68,74,10,train
20260202_144246_beam2,20260202_144246,20260202_144246,data/raw/IQ_Data/20260202_144246_beam2.mat,data/raw/Labels/20260202_144246_beam2.txt,1,uav,unknown,,unknown,2040.0,-1.83,312.22,2,67,68,74,10,train
20260202_144246_beam3,20260202_144246,20260202_144246,data/raw/IQ_Data/20260202_144246_beam3.mat,data/raw/Labels/20260202_144246_beam3.txt,1,uav,unknown,,unknown,2010.0,-1.83,311.23,3,66,67,74,10,train
20260202_144246_beam4,20260202_144246,20260202_144246,data/raw/IQ_Data/20260202_144246_beam4.mat,data/raw/Labels/20260202_144246_beam4.txt,1,uav,unknown,,unknown,2010.0,-1.83,311.23,4,66,67,74,10,train
20260202_144246_beam5,20260202_144246,20260202_144246,data/raw/IQ_Data/20260202_144246_beam5.mat,data/raw/Labels/20260202_144246_beam5.txt,1,uav,unknown,,unknown,2010.0,-1.83,311.23,5,66,67,74,10,train
20260202_144254_beam1,20260202_144254,20260202_144254,data/raw/IQ_Data/20260202_144254_beam1.mat,data/raw/Labels/20260202_144254_beam1.txt,1,uav,unknown,,unknown,2010.0,-2.01,311.76,1,66,67,75,11,train
20260202_144254_beam2,20260202_144254,20260202_144254,data/raw/IQ_Data/20260202_144254_beam2.mat,data/raw/Labels/20260202_144254_beam2.txt,1,uav,unknown,,unknown,2010.0,-2.01,311.76,2,66,67,75,11,train
20260202_144254_beam3,20260202_144254,20260202_144254,data/raw/IQ_Data/20260202_144254_beam3.mat,data/raw/Labels/20260202_144254_beam3.txt,1,uav,unknown,,unknown,2010.0,-2.01,311.76,3,66,67,75,11,train
20260202_144254_beam4,20260202_144254,20260202_144254,data/raw/IQ_Data/20260202_144254_beam4.mat,data/raw/Labels/20260202_144254_beam4.txt,1,uav,unknown,,unknown,2010.0,-2.01,311.76,4,66,67,75,11,train
20260202_144302_beam1,20260202_144302,20260202_144302,data/raw/IQ_Data/20260202_144302_beam1.mat,data/raw/Labels/20260202_144302_beam1.txt,1,uav,unknown,,unknown,1980.0,-2.19,312.1,1,65,66,76,12,train
20260202_144302_beam2,20260202_144302,20260202_144302,data/raw/IQ_Data/20260202_144302_beam2.mat,data/raw/Labels/20260202_144302_beam2.txt,1,uav,unknown,,unknown,1980.0,-2.01,312.1,2,65,66,75,11,train
20260202_144302_beam3,20260202_144302,20260202_144302,data/raw/IQ_Data/20260202_144302_beam3.mat,data/raw/Labels/20260202_144302_beam3.txt,1,uav,unknown,,unknown,2010.0,-2.19,312.1,3,66,67,76,12,train
20260202_144302_beam4,20260202_144302,20260202_144302,data/raw/IQ_Data/20260202_144302_beam4.mat,data/raw/Labels/20260202_144302_beam4.txt,1,uav,unknown,,unknown,2010.0,-2.19,312.1,4,66,67,76,12,train
20260202_144302_beam5,20260202_144302,20260202_144302,data/raw/IQ_Data/20260202_144302_beam5.mat,data/raw/Labels/20260202_144302_beam5.txt,1,uav,unknown,,unknown,2010.0,-2.19,312.1,5,66,67,76,12,train
20260202_144311_beam1,20260202_144311,20260202_144311,data/raw/IQ_Data/20260202_144311_beam1.mat,data/raw/Labels/20260202_144311_beam1.txt,1,uav,unknown,,unknown,2010.0,3.47,312.15,1,66,67,45,-19,train
20260202_144311_beam2,20260202_144311,20260202_144311,data/raw/IQ_Data/20260202_144311_beam2.mat,data/raw/Labels/20260202_144311_beam2.txt,1,uav,unknown,,unknown,2010.0,3.47,312.15,2,66,67,45,-19,train
20260202_144311_beam3,20260202_144311,20260202_144311,data/raw/IQ_Data/20260202_144311_beam3.mat,data/raw/Labels/20260202_144311_beam3.txt,1,uav,unknown,,unknown,2010.0,3.29,312.15,3,66,67,46,-18,train
20260202_144311_beam4,20260202_144311,20260202_144311,data/raw/IQ_Data/20260202_144311_beam4.mat,data/raw/Labels/20260202_144311_beam4.txt,1,uav,unknown,,unknown,2010.0,3.47,312.15,4,66,67,45,-19,train
20260202_144311_beam5,20260202_144311,20260202_144311,data/raw/IQ_Data/20260202_144311_beam5.mat,data/raw/Labels/20260202_144311_beam5.txt,1,uav,unknown,,unknown,2010.0,3.47,312.15,5,66,67,45,-19,train
20260202_144319_beam1,20260202_144319,20260202_144319,data/raw/IQ_Data/20260202_144319_beam1.mat,data/raw/Labels/20260202_144319_beam1.txt,1,uav,unknown,,unknown,2040.0,2.19,311.7,1,67,68,52,-12,train
20260202_144319_beam2,20260202_144319,20260202_144319,data/raw/IQ_Data/20260202_144319_beam2.mat,data/raw/Labels/20260202_144319_beam2.txt,1,uav,unknown,,unknown,2040.0,2.19,311.7,2,67,68,52,-12,train
20260202_144319_beam3,20260202_144319,20260202_144319,data/raw/IQ_Data/20260202_144319_beam3.mat,data/raw/Labels/20260202_144319_beam3.txt,1,uav,unknown,,unknown,2040.0,2.19,311.7,3,67,68,52,-12,train
20260202_144319_beam4,20260202_144319,20260202_144319,data/raw/IQ_Data/20260202_144319_beam4.mat,data/raw/Labels/20260202_144319_beam4.txt,1,uav,unknown,,unknown,2040.0,2.19,311.7,4,67,68,52,-12,train
20260202_144319_beam5,20260202_144319,20260202_144319,data/raw/IQ_Data/20260202_144319_beam5.mat,data/raw/Labels/20260202_144319_beam5.txt,1,uav,unknown,,unknown,2040.0,2.19,311.7,5,67,68,52,-12,train
20260202_144327_beam1,20260202_144327,20260202_144327,data/raw/IQ_Data/20260202_144327_beam1.mat,data/raw/Labels/20260202_144327_beam1.txt,1,uav,unknown,,unknown,2040.0,2.19,311.29,1,67,68,52,-12,train
20260202_144327_beam2,20260202_144327,20260202_144327,data/raw/IQ_Data/20260202_144327_beam2.mat,data/raw/Labels/20260202_144327_beam2.txt,1,uav,unknown,,unknown,2040.0,2.19,311.29,2,67,68,52,-12,train
20260202_144327_beam3,20260202_144327,20260202_144327,data/raw/IQ_Data/20260202_144327_beam3.mat,data/raw/Labels/20260202_144327_beam3.txt,1,uav,unknown,,unknown,2040.0,2.19,311.29,3,67,68,52,-12,train
20260202_144327_beam4,20260202_144327,20260202_144327,data/raw/IQ_Data/20260202_144327_beam4.mat,data/raw/Labels/20260202_144327_beam4.txt,1,uav,unknown,,unknown,2070.0,2.19,311.29,4,68,69,52,-12,train
20260202_144327_beam5,20260202_144327,20260202_144327,data/raw/IQ_Data/20260202_144327_beam5.mat,data/raw/Labels/20260202_144327_beam5.txt,1,uav,unknown,,unknown,2040.0,2.19,311.29,5,67,68,52,-12,train
20260202_144335_beam1,20260202_144335,20260202_144335,data/raw/IQ_Data/20260202_144335_beam1.mat,data/raw/Labels/20260202_144335_beam1.txt,1,uav,unknown,,unknown,2070.0,2.19,312.67,1,68,69,52,-12,train
20260202_144335_beam2,20260202_144335,20260202_144335,data/raw/IQ_Data/20260202_144335_beam2.mat,data/raw/Labels/20260202_144335_beam2.txt,1,uav,unknown,,unknown,2070.0,2.38,311.65,2,68,69,51,-13,train
20260202_144335_beam3,20260202_144335,20260202_144335,data/raw/IQ_Data/20260202_144335_beam3.mat,data/raw/Labels/20260202_144335_beam3.txt,1,uav,unknown,,unknown,2070.0,2.19,311.65,3,68,69,52,-12,train
20260202_144335_beam4,20260202_144335,20260202_144335,data/raw/IQ_Data/20260202_144335_beam4.mat,data/raw/Labels/20260202_144335_beam4.txt,1,uav,unknown,,unknown,2070.0,2.19,311.65,4,68,69,52,-12,train
20260202_144335_beam5,20260202_144335,20260202_144335,data/raw/IQ_Data/20260202_144335_beam5.mat,data/raw/Labels/20260202_144335_beam5.txt,1,uav,unknown,,unknown,2070.0,2.19,311.65,5,68,69,52,-12,train
20260202_144344_beam1,20260202_144344,20260202_144344,data/raw/IQ_Data/20260202_144344_beam1.mat,data/raw/Labels/20260202_144344_beam1.txt,1,uav,unknown,,unknown,2070.0,2.01,311.44,1,68,69,53,-11,test
20260202_144344_beam2,20260202_144344,20260202_144344,data/raw/IQ_Data/20260202_144344_beam2.mat,data/raw/Labels/20260202_144344_beam2.txt,1,uav,unknown,,unknown,2100.0,2.01,311.44,2,69,70,53,-11,test
20260202_144344_beam3,20260202_144344,20260202_144344,data/raw/IQ_Data/20260202_144344_beam3.mat,data/raw/Labels/20260202_144344_beam3.txt,1,uav,unknown,,unknown,2100.0,2.19,311.44,3,69,70,52,-12,test
20260202_144344_beam4,20260202_144344,20260202_144344,data/raw/IQ_Data/20260202_144344_beam4.mat,data/raw/Labels/20260202_144344_beam4.txt,1,uav,unknown,,unknown,2070.0,2.19,311.44,4,68,69,52,-12,test
20260202_144344_beam5,20260202_144344,20260202_144344,data/raw/IQ_Data/20260202_144344_beam5.mat,data/raw/Labels/20260202_144344_beam5.txt,1,uav,unknown,,unknown,2100.0,2.01,312.43,5,69,70,53,-11,test
20260202_144352_beam1,20260202_144352,20260202_144352,data/raw/IQ_Data/20260202_144352_beam1.mat,data/raw/Labels/20260202_144352_beam1.txt,1,uav,unknown,,unknown,2100.0,-2.92,312.52,1,69,70,80,16,train
20260202_144352_beam2,20260202_144352,20260202_144352,data/raw/IQ_Data/20260202_144352_beam2.mat,data/raw/Labels/20260202_144352_beam2.txt,1,uav,unknown,,unknown,2100.0,-2.74,312.52,2,69,70,79,15,train
20260202_144352_beam3,20260202_144352,20260202_144352,data/raw/IQ_Data/20260202_144352_beam3.mat,data/raw/Labels/20260202_144352_beam3.txt,1,uav,unknown,,unknown,2100.0,-2.92,312.52,3,69,70,80,16,train
20260202_144352_beam4,20260202_144352,20260202_144352,data/raw/IQ_Data/20260202_144352_beam4.mat,data/raw/Labels/20260202_144352_beam4.txt,1,uav,unknown,,unknown,2070.0,-2.92,312.52,4,68,69,80,16,train
20260202_144352_beam5,20260202_144352,20260202_144352,data/raw/IQ_Data/20260202_144352_beam5.mat,data/raw/Labels/20260202_144352_beam5.txt,1,uav,unknown,,unknown,2100.0,-2.92,312.52,5,69,70,80,16,train
20260202_144417_beam1,20260202_144417,20260202_144417,data/raw/IQ_Data/20260202_144417_beam1.mat,data/raw/Labels/20260202_144417_beam1.txt,1,uav,unknown,,unknown,2040.0,-3.29,311.29,1,67,68,82,18,train
20260202_144417_beam2,20260202_144417,20260202_144417,data/raw/IQ_Data/20260202_144417_beam2.mat,data/raw/Labels/20260202_144417_beam2.txt,1,uav,unknown,,unknown,2010.0,-3.47,311.29,2,66,67,83,19,train
20260202_144417_beam3,20260202_144417,20260202_144417,data/raw/IQ_Data/20260202_144417_beam3.mat,data/raw/Labels/20260202_144417_beam3.txt,1,uav,unknown,,unknown,2040.0,-3.47,311.29,3,67,68,83,19,train
20260202_144417_beam4,20260202_144417,20260202_144417,data/raw/IQ_Data/20260202_144417_beam4.mat,data/raw/Labels/20260202_144417_beam4.txt,1,uav,unknown,,unknown,2010.0,-3.29,311.29,4,66,67,82,18,train
20260202_144417_beam5,20260202_144417,20260202_144417,data/raw/IQ_Data/20260202_144417_beam5.mat,data/raw/Labels/20260202_144417_beam5.txt,1,uav,unknown,,unknown,2010.0,-3.29,312.29,5,66,67,82,18,train
20260202_144425_beam1,20260202_144425,20260202_144425,data/raw/IQ_Data/20260202_144425_beam1.mat,data/raw/Labels/20260202_144425_beam1.txt,1,uav,unknown,,unknown,1980.0,-3.47,311.55,1,65,66,83,19,val
20260202_144425_beam2,20260202_144425,20260202_144425,data/raw/IQ_Data/20260202_144425_beam2.mat,data/raw/Labels/20260202_144425_beam2.txt,1,uav,unknown,,unknown,1980.0,-3.47,311.55,2,65,66,83,19,val
20260202_144425_beam3,20260202_144425,20260202_144425,data/raw/IQ_Data/20260202_144425_beam3.mat,data/raw/Labels/20260202_144425_beam3.txt,1,uav,unknown,,unknown,2010.0,-3.47,311.55,3,66,67,83,19,val
20260202_144425_beam4,20260202_144425,20260202_144425,data/raw/IQ_Data/20260202_144425_beam4.mat,data/raw/Labels/20260202_144425_beam4.txt,1,uav,unknown,,unknown,1980.0,-3.47,311.55,4,65,66,83,19,val
20260202_144425_beam5,20260202_144425,20260202_144425,data/raw/IQ_Data/20260202_144425_beam5.mat,data/raw/Labels/20260202_144425_beam5.txt,1,uav,unknown,,unknown,2010.0,-3.47,311.55,5,66,67,83,19,val
20260202_144433_beam1,20260202_144433,20260202_144433,data/raw/IQ_Data/20260202_144433_beam1.mat,data/raw/Labels/20260202_144433_beam1.txt,1,uav,unknown,,unknown,1950.0,-4.2,310.71,1,64,65,87,23,test
20260202_144433_beam2,20260202_144433,20260202_144433,data/raw/IQ_Data/20260202_144433_beam2.mat,data/raw/Labels/20260202_144433_beam2.txt,1,uav,unknown,,unknown,1950.0,-4.2,310.71,2,64,65,87,23,test
20260202_144433_beam3,20260202_144433,20260202_144433,data/raw/IQ_Data/20260202_144433_beam3.mat,data/raw/Labels/20260202_144433_beam3.txt,1,uav,unknown,,unknown,1950.0,-4.2,310.71,3,64,65,87,23,test
20260202_144433_beam4,20260202_144433,20260202_144433,data/raw/IQ_Data/20260202_144433_beam4.mat,data/raw/Labels/20260202_144433_beam4.txt,1,uav,unknown,,unknown,1950.0,-4.2,310.71,4,64,65,87,23,test
20260202_144433_beam5,20260202_144433,20260202_144433,data/raw/IQ_Data/20260202_144433_beam5.mat,data/raw/Labels/20260202_144433_beam5.txt,1,uav,unknown,,unknown,1950.0,-4.2,311.7,5,64,65,87,23,test
20260202_144458_beam1,20260202_144458,20260202_144458,data/raw/IQ_Data/20260202_144458_beam1.mat,data/raw/Labels/20260202_144458_beam1.txt,1,uav,unknown,,unknown,2010.0,5.66,310.01,1,66,67,33,-31,test
20260202_144458_beam2,20260202_144458,20260202_144458,data/raw/IQ_Data/20260202_144458_beam2.mat,data/raw/Labels/20260202_144458_beam2.txt,1,uav,unknown,,unknown,2010.0,5.66,310.01,2,66,67,33,-31,test
20260202_144458_beam3,20260202_144458,20260202_144458,data/raw/IQ_Data/20260202_144458_beam3.mat,data/raw/Labels/20260202_144458_beam3.txt,1,uav,unknown,,unknown,1980.0,5.66,310.01,3,65,66,33,-31,test
20260202_144458_beam4,20260202_144458,20260202_144458,data/raw/IQ_Data/20260202_144458_beam4.mat,data/raw/Labels/20260202_144458_beam4.txt,1,uav,unknown,,unknown,2010.0,5.66,310.01,4,66,67,33,-31,test
20260202_144458_beam5,20260202_144458,20260202_144458,data/raw/IQ_Data/20260202_144458_beam5.mat,data/raw/Labels/20260202_144458_beam5.txt,1,uav,unknown,,unknown,1980.0,5.66,310.01,5,65,66,33,-31,test
20260202_144506_beam1,20260202_144506,20260202_144506,data/raw/IQ_Data/20260202_144506_beam1.mat,data/raw/Labels/20260202_144506_beam1.txt,1,uav,unknown,,unknown,2070.0,4.75,310.23,1,68,69,38,-26,test
20260202_144506_beam2,20260202_144506,20260202_144506,data/raw/IQ_Data/20260202_144506_beam2.mat,data/raw/Labels/20260202_144506_beam2.txt,1,uav,unknown,,unknown,2040.0,4.75,310.23,2,67,68,38,-26,test
20260202_144506_beam3,20260202_144506,20260202_144506,data/raw/IQ_Data/20260202_144506_beam3.mat,data/raw/Labels/20260202_144506_beam3.txt,1,uav,unknown,,unknown,2070.0,4.75,309.24,3,68,69,38,-26,test
20260202_144506_beam4,20260202_144506,20260202_144506,data/raw/IQ_Data/20260202_144506_beam4.mat,data/raw/Labels/20260202_144506_beam4.txt,1,uav,unknown,,unknown,2070.0,4.75,309.24,4,68,69,38,-26,test
20260202_144506_beam5,20260202_144506,20260202_144506,data/raw/IQ_Data/20260202_144506_beam5.mat,data/raw/Labels/20260202_144506_beam5.txt,1,uav,unknown,,unknown,2040.0,4.75,310.23,5,67,68,38,-26,test
20260202_144515_beam1,20260202_144515,20260202_144515,data/raw/IQ_Data/20260202_144515_beam1.mat,data/raw/Labels/20260202_144515_beam1.txt,1,uav,unknown,,unknown,2070.0,5.3,308.62,1,68,69,35,-29,train
20260202_144515_beam2,20260202_144515,20260202_144515,data/raw/IQ_Data/20260202_144515_beam2.mat,data/raw/Labels/20260202_144515_beam2.txt,1,uav,unknown,,unknown,2070.0,5.3,309.61,2,68,69,35,-29,train
20260202_144515_beam3,20260202_144515,20260202_144515,data/raw/IQ_Data/20260202_144515_beam3.mat,data/raw/Labels/20260202_144515_beam3.txt,1,uav,unknown,,unknown,2100.0,5.3,308.62,3,69,70,35,-29,train
20260202_144515_beam4,20260202_144515,20260202_144515,data/raw/IQ_Data/20260202_144515_beam4.mat,data/raw/Labels/20260202_144515_beam4.txt,1,uav,unknown,,unknown,2100.0,5.3,308.62,4,69,70,35,-29,train
20260202_144515_beam5,20260202_144515,20260202_144515,data/raw/IQ_Data/20260202_144515_beam5.mat,data/raw/Labels/20260202_144515_beam5.txt,1,uav,unknown,,unknown,2070.0,5.3,308.62,5,68,69,35,-29,train
20260202_144523_beam1,20260202_144523,20260202_144523,data/raw/IQ_Data/20260202_144523_beam1.mat,data/raw/Labels/20260202_144523_beam1.txt,1,uav,unknown,,unknown,2130.0,5.12,308.4,1,70,71,36,-28,train
20260202_144523_beam2,20260202_144523,20260202_144523,data/raw/IQ_Data/20260202_144523_beam2.mat,data/raw/Labels/20260202_144523_beam2.txt,1,uav,unknown,,unknown,2130.0,5.12,308.4,2,70,71,36,-28,train
20260202_144523_beam3,20260202_144523,20260202_144523,data/raw/IQ_Data/20260202_144523_beam3.mat,data/raw/Labels/20260202_144523_beam3.txt,1,uav,unknown,,unknown,2100.0,5.12,308.4,3,69,70,36,-28,train
20260202_144523_beam4,20260202_144523,20260202_144523,data/raw/IQ_Data/20260202_144523_beam4.mat,data/raw/Labels/20260202_144523_beam4.txt,1,uav,unknown,,unknown,2130.0,5.12,308.4,4,70,71,36,-28,train
20260202_144523_beam5,20260202_144523,20260202_144523,data/raw/IQ_Data/20260202_144523_beam5.mat,data/raw/Labels/20260202_144523_beam5.txt,1,uav,unknown,,unknown,2130.0,5.12,308.4,5,70,71,36,-28,train
20260202_144539_beam1,20260202_144539,20260202_144539,data/raw/IQ_Data/20260202_144539_beam1.mat,data/raw/Labels/20260202_144539_beam1.txt,1,uav,unknown,,unknown,2190.0,3.29,310.79,1,72,73,46,-18,train
20260202_144539_beam2,20260202_144539,20260202_144539,data/raw/IQ_Data/20260202_144539_beam2.mat,data/raw/Labels/20260202_144539_beam2.txt,1,uav,unknown,,unknown,2190.0,3.11,310.79,2,72,73,47,-17,train
20260202_144539_beam3,20260202_144539,20260202_144539,data/raw/IQ_Data/20260202_144539_beam3.mat,data/raw/Labels/20260202_144539_beam3.txt,1,uav,unknown,,unknown,2190.0,3.29,310.79,3,72,73,46,-18,train
20260202_144539_beam4,20260202_144539,20260202_144539,data/raw/IQ_Data/20260202_144539_beam4.mat,data/raw/Labels/20260202_144539_beam4.txt,1,uav,unknown,,unknown,2190.0,3.29,310.79,4,72,73,46,-18,train
20260202_144548_beam1,20260202_144548,20260202_144548,data/raw/IQ_Data/20260202_144548_beam1.mat,data/raw/Labels/20260202_144548_beam1.txt,1,uav,unknown,,unknown,2220.0,2.38,311.9,1,73,74,51,-13,train
20260202_144548_beam2,20260202_144548,20260202_144548,data/raw/IQ_Data/20260202_144548_beam2.mat,data/raw/Labels/20260202_144548_beam2.txt,1,uav,unknown,,unknown,2220.0,2.38,311.9,2,73,74,51,-13,train
20260202_144548_beam3,20260202_144548,20260202_144548,data/raw/IQ_Data/20260202_144548_beam3.mat,data/raw/Labels/20260202_144548_beam3.txt,1,uav,unknown,,unknown,2220.0,2.38,311.9,3,73,74,51,-13,train
20260202_144548_beam4,20260202_144548,20260202_144548,data/raw/IQ_Data/20260202_144548_beam4.mat,data/raw/Labels/20260202_144548_beam4.txt,1,uav,unknown,,unknown,2220.0,2.38,311.9,4,73,74,51,-13,train
20260202_144556_beam1,20260202_144556,20260202_144556,data/raw/IQ_Data/20260202_144556_beam1.mat,data/raw/Labels/20260202_144556_beam1.txt,1,uav,unknown,,unknown,2250.0,-1.64,313.17,1,74,75,73,9,val
20260202_144556_beam2,20260202_144556,20260202_144556,data/raw/IQ_Data/20260202_144556_beam2.mat,data/raw/Labels/20260202_144556_beam2.txt,1,uav,unknown,,unknown,2220.0,-1.64,312.18,2,73,74,73,9,val
20260202_144556_beam3,20260202_144556,20260202_144556,data/raw/IQ_Data/20260202_144556_beam3.mat,data/raw/Labels/20260202_144556_beam3.txt,1,uav,unknown,,unknown,2220.0,-1.64,312.18,3,73,74,73,9,val
20260202_144604_beam1,20260202_144604,20260202_144604,data/raw/IQ_Data/20260202_144604_beam1.mat,data/raw/Labels/20260202_144604_beam1.txt,1,uav,unknown,,unknown,2190.0,-4.02,313.35,1,72,73,86,22,train
20260202_144604_beam2,20260202_144604,20260202_144604,data/raw/IQ_Data/20260202_144604_beam2.mat,data/raw/Labels/20260202_144604_beam2.txt,1,uav,unknown,,unknown,2190.0,-4.2,314.35,2,72,73,87,23,train
20260202_144604_beam3,20260202_144604,20260202_144604,data/raw/IQ_Data/20260202_144604_beam3.mat,data/raw/Labels/20260202_144604_beam3.txt,1,uav,unknown,,unknown,2220.0,-4.2,314.35,3,73,74,87,23,train
20260202_144604_beam4,20260202_144604,20260202_144604,data/raw/IQ_Data/20260202_144604_beam4.mat,data/raw/Labels/20260202_144604_beam4.txt,1,uav,unknown,,unknown,2190.0,-4.2,314.35,4,72,73,87,23,train
20260202_144613_beam1,20260202_144613,20260202_144613,data/raw/IQ_Data/20260202_144613_beam1.mat,data/raw/Labels/20260202_144613_beam1.txt,1,uav,unknown,,unknown,2160.0,-5.66,314.63,1,71,72,95,31,train
20260202_144613_beam2,20260202_144613,20260202_144613,data/raw/IQ_Data/20260202_144613_beam2.mat,data/raw/Labels/20260202_144613_beam2.txt,1,uav,unknown,,unknown,2160.0,-5.66,314.63,2,71,72,95,31,train
20260202_144613_beam3,20260202_144613,20260202_144613,data/raw/IQ_Data/20260202_144613_beam3.mat,data/raw/Labels/20260202_144613_beam3.txt,1,uav,unknown,,unknown,2160.0,-5.66,314.63,3,71,72,95,31,train
20260202_144613_beam4,20260202_144613,20260202_144613,data/raw/IQ_Data/20260202_144613_beam4.mat,data/raw/Labels/20260202_144613_beam4.txt,1,uav,unknown,,unknown,2160.0,-5.66,314.63,4,71,72,95,31,train
20260202_144629_beam1,20260202_144629,20260202_144629,data/raw/IQ_Data/20260202_144629_beam1.mat,data/raw/Labels/20260202_144629_beam1.txt,1,uav,unknown,,unknown,2400.0,-6.76,313.77,1,79,80,101,37,val
20260202_144629_beam2,20260202_144629,20260202_144629,data/raw/IQ_Data/20260202_144629_beam2.mat,data/raw/Labels/20260202_144629_beam2.txt,1,uav,unknown,,unknown,2400.0,-6.76,313.77,2,79,80,101,37,val
20260202_144629_beam3,20260202_144629,20260202_144629,data/raw/IQ_Data/20260202_144629_beam3.mat,data/raw/Labels/20260202_144629_beam3.txt,1,uav,unknown,,unknown,2400.0,-6.76,314.77,3,79,80,101,37,val
20260202_144629_beam4,20260202_144629,20260202_144629,data/raw/IQ_Data/20260202_144629_beam4.mat,data/raw/Labels/20260202_144629_beam4.txt,1,uav,unknown,,unknown,2400.0,-6.76,313.77,4,79,80,101,37,val
20260202_144637_beam1,20260202_144637,20260202_144637,data/raw/IQ_Data/20260202_144637_beam1.mat,data/raw/Labels/20260202_144637_beam1.txt,1,uav,unknown,,unknown,2130.0,-1.28,315.08,1,70,71,71,7,train
20260202_144637_beam2,20260202_144637,20260202_144637,data/raw/IQ_Data/20260202_144637_beam2.mat,data/raw/Labels/20260202_144637_beam2.txt,1,uav,unknown,,unknown,2130.0,-1.1,315.08,2,70,71,70,6,train
20260202_144637_beam3,20260202_144637,20260202_144637,data/raw/IQ_Data/20260202_144637_beam3.mat,data/raw/Labels/20260202_144637_beam3.txt,1,uav,unknown,,unknown,2130.0,-1.1,315.08,3,70,71,70,6,train
20260202_144637_beam4,20260202_144637,20260202_144637,data/raw/IQ_Data/20260202_144637_beam4.mat,data/raw/Labels/20260202_144637_beam4.txt,1,uav,unknown,,unknown,2100.0,-1.28,315.08,4,69,70,71,7,train
20260202_144645_beam1,20260202_144645,20260202_144645,data/raw/IQ_Data/20260202_144645_beam1.mat,data/raw/Labels/20260202_144645_beam1.txt,1,uav,unknown,,unknown,2040.0,2.01,310.9,1,67,68,53,-11,train
20260202_144645_beam2,20260202_144645,20260202_144645,data/raw/IQ_Data/20260202_144645_beam2.mat,data/raw/Labels/20260202_144645_beam2.txt,1,uav,unknown,,unknown,2070.0,2.01,310.9,2,68,69,53,-11,train
20260202_144645_beam3,20260202_144645,20260202_144645,data/raw/IQ_Data/20260202_144645_beam3.mat,data/raw/Labels/20260202_144645_beam3.txt,1,uav,unknown,,unknown,2070.0,2.01,310.9,3,68,69,53,-11,train
20260202_144645_beam4,20260202_144645,20260202_144645,data/raw/IQ_Data/20260202_144645_beam4.mat,data/raw/Labels/20260202_144645_beam4.txt,1,uav,unknown,,unknown,2040.0,2.01,310.9,4,67,68,53,-11,train
20260202_144710_beam1,20260202_144710,20260202_144710,data/raw/IQ_Data/20260202_144710_beam1.mat,data/raw/Labels/20260202_144710_beam1.txt,1,uav,unknown,,unknown,2160.0,4.2,308.54,1,71,72,41,-23,train
20260202_144710_beam2,20260202_144710,20260202_144710,data/raw/IQ_Data/20260202_144710_beam2.mat,data/raw/Labels/20260202_144710_beam2.txt,1,uav,unknown,,unknown,2160.0,4.2,308.54,2,71,72,41,-23,train
20260202_144710_beam3,20260202_144710,20260202_144710,data/raw/IQ_Data/20260202_144710_beam3.mat,data/raw/Labels/20260202_144710_beam3.txt,1,uav,unknown,,unknown,2160.0,4.2,308.54,3,71,72,41,-23,train
20260202_144710_beam4,20260202_144710,20260202_144710,data/raw/IQ_Data/20260202_144710_beam4.mat,data/raw/Labels/20260202_144710_beam4.txt,1,uav,unknown,,unknown,2130.0,4.2,308.54,4,70,71,41,-23,train
20260202_144718_beam1,20260202_144718,20260202_144718,data/raw/IQ_Data/20260202_144718_beam1.mat,data/raw/Labels/20260202_144718_beam1.txt,1,uav,unknown,,unknown,2190.0,3.47,310.45,1,72,73,45,-19,train
20260202_144718_beam2,20260202_144718,20260202_144718,data/raw/IQ_Data/20260202_144718_beam2.mat,data/raw/Labels/20260202_144718_beam2.txt,1,uav,unknown,,unknown,2190.0,3.47,310.45,2,72,73,45,-19,train
20260202_144718_beam3,20260202_144718,20260202_144718,data/raw/IQ_Data/20260202_144718_beam3.mat,data/raw/Labels/20260202_144718_beam3.txt,1,uav,unknown,,unknown,2190.0,3.47,310.45,3,72,73,45,-19,train
20260202_144718_beam4,20260202_144718,20260202_144718,data/raw/IQ_Data/20260202_144718_beam4.mat,data/raw/Labels/20260202_144718_beam4.txt,1,uav,unknown,,unknown,2190.0,3.47,310.45,4,72,73,45,-19,train
20260202_144727_beam1,20260202_144727,20260202_144727,data/raw/IQ_Data/20260202_144727_beam1.mat,data/raw/Labels/20260202_144727_beam1.txt,1,uav,unknown,,unknown,2160.0,-1.46,311.14,1,71,72,72,8,train
20260202_144727_beam2,20260202_144727,20260202_144727,data/raw/IQ_Data/20260202_144727_beam2.mat,data/raw/Labels/20260202_144727_beam2.txt,1,uav,unknown,,unknown,2190.0,-1.46,310.14,2,72,73,72,8,train
20260202_144727_beam3,20260202_144727,20260202_144727,data/raw/IQ_Data/20260202_144727_beam3.mat,data/raw/Labels/20260202_144727_beam3.txt,1,uav,unknown,,unknown,2220.0,-1.46,310.14,3,73,74,72,8,train
20260202_144727_beam4,20260202_144727,20260202_144727,data/raw/IQ_Data/20260202_144727_beam4.mat,data/raw/Labels/20260202_144727_beam4.txt,1,uav,unknown,,unknown,2190.0,-1.46,310.14,4,72,73,72,8,train
20260202_144735_beam1,20260202_144735,20260202_144735,data/raw/IQ_Data/20260202_144735_beam1.mat,data/raw/Labels/20260202_144735_beam1.txt,1,uav,unknown,,unknown,2160.0,-2.38,311.85,1,71,72,77,13,train
20260202_144735_beam2,20260202_144735,20260202_144735,data/raw/IQ_Data/20260202_144735_beam2.mat,data/raw/Labels/20260202_144735_beam2.txt,1,uav,unknown,,unknown,2190.0,-2.38,310.85,2,72,73,77,13,train
20260202_144735_beam3,20260202_144735,20260202_144735,data/raw/IQ_Data/20260202_144735_beam3.mat,data/raw/Labels/20260202_144735_beam3.txt,1,uav,unknown,,unknown,2190.0,-2.38,311.85,3,72,73,77,13,train
20260202_144735_beam4,20260202_144735,20260202_144735,data/raw/IQ_Data/20260202_144735_beam4.mat,data/raw/Labels/20260202_144735_beam4.txt,1,uav,unknown,,unknown,2190.0,-2.38,311.85,4,72,73,77,13,train
20260202_144751_beam1,20260202_144751,20260202_144751,data/raw/IQ_Data/20260202_144751_beam1.mat,data/raw/Labels/20260202_144751_beam1.txt,1,uav,unknown,,unknown,2160.0,-4.75,312.01,1,71,72,90,26,train
20260202_144751_beam2,20260202_144751,20260202_144751,data/raw/IQ_Data/20260202_144751_beam2.mat,data/raw/Labels/20260202_144751_beam2.txt,1,uav,unknown,,unknown,2160.0,-4.75,312.01,2,71,72,90,26,train
20260202_144751_beam3,20260202_144751,20260202_144751,data/raw/IQ_Data/20260202_144751_beam3.mat,data/raw/Labels/20260202_144751_beam3.txt,1,uav,unknown,,unknown,2160.0,-4.75,312.01,3,71,72,90,26,train
20260202_144751_beam4,20260202_144751,20260202_144751,data/raw/IQ_Data/20260202_144751_beam4.mat,data/raw/Labels/20260202_144751_beam4.txt,1,uav,unknown,,unknown,2160.0,-4.75,312.01,4,71,72,90,26,train
20260202_144751_beam5,20260202_144751,20260202_144751,data/raw/IQ_Data/20260202_144751_beam5.mat,data/raw/Labels/20260202_144751_beam5.txt,1,uav,unknown,,unknown,2160.0,-4.75,312.01,5,71,72,90,26,train
20260202_144800_beam1,20260202_144800,20260202_144800,data/raw/IQ_Data/20260202_144800_beam1.mat,data/raw/Labels/20260202_144800_beam1.txt,1,uav,unknown,,unknown,2100.0,-5.48,311.28,1,69,70,94,30,train
20260202_144800_beam2,20260202_144800,20260202_144800,data/raw/IQ_Data/20260202_144800_beam2.mat,data/raw/Labels/20260202_144800_beam2.txt,1,uav,unknown,,unknown,2100.0,-5.48,311.28,2,69,70,94,30,train
20260202_144800_beam3,20260202_144800,20260202_144800,data/raw/IQ_Data/20260202_144800_beam3.mat,data/raw/Labels/20260202_144800_beam3.txt,1,uav,unknown,,unknown,2100.0,-5.48,311.28,3,69,70,94,30,train
20260202_144800_beam4,20260202_144800,20260202_144800,data/raw/IQ_Data/20260202_144800_beam4.mat,data/raw/Labels/20260202_144800_beam4.txt,1,uav,unknown,,unknown,2100.0,-5.48,310.26,4,69,70,94,30,train
20260202_144808_beam1,20260202_144808,20260202_144808,data/raw/IQ_Data/20260202_144808_beam1.mat,data/raw/Labels/20260202_144808_beam1.txt,1,uav,unknown,,unknown,2040.0,-5.48,310.72,1,67,68,94,30,train
20260202_144808_beam2,20260202_144808,20260202_144808,data/raw/IQ_Data/20260202_144808_beam2.mat,data/raw/Labels/20260202_144808_beam2.txt,1,uav,unknown,,unknown,2040.0,-5.66,310.72,2,67,68,95,31,train
20260202_144808_beam3,20260202_144808,20260202_144808,data/raw/IQ_Data/20260202_144808_beam3.mat,data/raw/Labels/20260202_144808_beam3.txt,1,uav,unknown,,unknown,2040.0,-5.66,310.72,3,67,68,95,31,train
20260202_144808_beam4,20260202_144808,20260202_144808,data/raw/IQ_Data/20260202_144808_beam4.mat,data/raw/Labels/20260202_144808_beam4.txt,1,uav,unknown,,unknown,2070.0,-5.66,310.72,4,68,69,95,31,train
20260202_144816_beam1,20260202_144816,20260202_144816,data/raw/IQ_Data/20260202_144816_beam1.mat,data/raw/Labels/20260202_144816_beam1.txt,1,uav,unknown,,unknown,2040.0,2.56,311.14,1,67,68,50,-14,train
20260202_144816_beam2,20260202_144816,20260202_144816,data/raw/IQ_Data/20260202_144816_beam2.mat,data/raw/Labels/20260202_144816_beam2.txt,1,uav,unknown,,unknown,2010.0,2.56,310.14,2,66,67,50,-14,train
20260202_144816_beam3,20260202_144816,20260202_144816,data/raw/IQ_Data/20260202_144816_beam3.mat,data/raw/Labels/20260202_144816_beam3.txt,1,uav,unknown,,unknown,2040.0,2.56,311.14,3,67,68,50,-14,train
20260202_144816_beam4,20260202_144816,20260202_144816,data/raw/IQ_Data/20260202_144816_beam4.mat,data/raw/Labels/20260202_144816_beam4.txt,1,uav,unknown,,unknown,2010.0,2.56,311.14,4,66,67,50,-14,train
20260202_144816_beam5,20260202_144816,20260202_144816,data/raw/IQ_Data/20260202_144816_beam5.mat,data/raw/Labels/20260202_144816_beam5.txt,1,uav,unknown,,unknown,2010.0,2.56,311.14,5,66,67,50,-14,train
20260202_144825_beam1,20260202_144825,20260202_144825,data/raw/IQ_Data/20260202_144825_beam1.mat,data/raw/Labels/20260202_144825_beam1.txt,1,uav,unknown,,unknown,2070.0,5.3,311.13,1,68,69,35,-29,train
20260202_144825_beam2,20260202_144825,20260202_144825,data/raw/IQ_Data/20260202_144825_beam2.mat,data/raw/Labels/20260202_144825_beam2.txt,1,uav,unknown,,unknown,2070.0,5.3,311.13,2,68,69,35,-29,train
20260202_144825_beam3,20260202_144825,20260202_144825,data/raw/IQ_Data/20260202_144825_beam3.mat,data/raw/Labels/20260202_144825_beam3.txt,1,uav,unknown,,unknown,2040.0,5.12,311.13,3,67,68,36,-28,train
20260202_144825_beam4,20260202_144825,20260202_144825,data/raw/IQ_Data/20260202_144825_beam4.mat,data/raw/Labels/20260202_144825_beam4.txt,1,uav,unknown,,unknown,2070.0,5.3,310.14,4,68,69,35,-29,train
20260202_144825_beam5,20260202_144825,20260202_144825,data/raw/IQ_Data/20260202_144825_beam5.mat,data/raw/Labels/20260202_144825_beam5.txt,1,uav,unknown,,unknown,2040.0,5.3,310.14,5,67,68,35,-29,train
20260202_144833_beam1,20260202_144833,20260202_144833,data/raw/IQ_Data/20260202_144833_beam1.mat,data/raw/Labels/20260202_144833_beam1.txt,1,uav,unknown,,unknown,2100.0,5.48,310.72,1,69,70,34,-30,train
20260202_144833_beam2,20260202_144833,20260202_144833,data/raw/IQ_Data/20260202_144833_beam2.mat,data/raw/Labels/20260202_144833_beam2.txt,1,uav,unknown,,unknown,2100.0,5.48,309.73,2,69,70,34,-30,train
20260202_144833_beam3,20260202_144833,20260202_144833,data/raw/IQ_Data/20260202_144833_beam3.mat,data/raw/Labels/20260202_144833_beam3.txt,1,uav,unknown,,unknown,2100.0,5.48,309.73,3,69,70,34,-30,train
20260202_144833_beam4,20260202_144833,20260202_144833,data/raw/IQ_Data/20260202_144833_beam4.mat,data/raw/Labels/20260202_144833_beam4.txt,1,uav,unknown,,unknown,2100.0,5.48,309.73,4,69,70,34,-30,train
20260202_144833_beam5,20260202_144833,20260202_144833,data/raw/IQ_Data/20260202_144833_beam5.mat,data/raw/Labels/20260202_144833_beam5.txt,1,uav,unknown,,unknown,2100.0,5.48,310.72,5,69,70,34,-30,train
20260202_144841_beam1,20260202_144841,20260202_144841,data/raw/IQ_Data/20260202_144841_beam1.mat,data/raw/Labels/20260202_144841_beam1.txt,1,uav,unknown,,unknown,2160.0,5.3,311.27,1,71,72,35,-29,val
20260202_144841_beam2,20260202_144841,20260202_144841,data/raw/IQ_Data/20260202_144841_beam2.mat,data/raw/Labels/20260202_144841_beam2.txt,1,uav,unknown,,unknown,2160.0,5.12,310.26,2,71,72,36,-28,val
20260202_144841_beam3,20260202_144841,20260202_144841,data/raw/IQ_Data/20260202_144841_beam3.mat,data/raw/Labels/20260202_144841_beam3.txt,1,uav,unknown,,unknown,2130.0,5.3,310.26,3,70,71,35,-29,val
20260202_144841_beam4,20260202_144841,20260202_144841,data/raw/IQ_Data/20260202_144841_beam4.mat,data/raw/Labels/20260202_144841_beam4.txt,1,uav,unknown,,unknown,2130.0,5.12,310.26,4,70,71,36,-28,val
20260202_144849_beam1,20260202_144849,20260202_144849,data/raw/IQ_Data/20260202_144849_beam1.mat,data/raw/Labels/20260202_144849_beam1.txt,1,uav,unknown,,unknown,2190.0,5.12,310.6,1,72,73,36,-28,test
20260202_144849_beam2,20260202_144849,20260202_144849,data/raw/IQ_Data/20260202_144849_beam2.mat,data/raw/Labels/20260202_144849_beam2.txt,1,uav,unknown,,unknown,2190.0,5.12,310.6,2,72,73,36,-28,test
20260202_144849_beam3,20260202_144849,20260202_144849,data/raw/IQ_Data/20260202_144849_beam3.mat,data/raw/Labels/20260202_144849_beam3.txt,1,uav,unknown,,unknown,2190.0,5.12,310.6,3,72,73,36,-28,test
20260202_144849_beam4,20260202_144849,20260202_144849,data/raw/IQ_Data/20260202_144849_beam4.mat,data/raw/Labels/20260202_144849_beam4.txt,1,uav,unknown,,unknown,2220.0,5.12,310.6,4,73,74,36,-28,test
20260202_144857_beam1,20260202_144857,20260202_144857,data/raw/IQ_Data/20260202_144857_beam1.mat,data/raw/Labels/20260202_144857_beam1.txt,1,uav,unknown,,unknown,2220.0,-3.11,310.39,1,73,74,81,17,train
20260202_144857_beam2,20260202_144857,20260202_144857,data/raw/IQ_Data/20260202_144857_beam2.mat,data/raw/Labels/20260202_144857_beam2.txt,1,uav,unknown,,unknown,2190.0,-3.11,310.39,2,72,73,81,17,train
20260202_144857_beam3,20260202_144857,20260202_144857,data/raw/IQ_Data/20260202_144857_beam3.mat,data/raw/Labels/20260202_144857_beam3.txt,1,uav,unknown,,unknown,2220.0,-3.11,310.39,3,73,74,81,17,train
20260202_144857_beam4,20260202_144857,20260202_144857,data/raw/IQ_Data/20260202_144857_beam4.mat,data/raw/Labels/20260202_144857_beam4.txt,1,uav,unknown,,unknown,2190.0,-3.11,310.39,4,72,73,81,17,train
20260202_144906_beam1,20260202_144906,20260202_144906,data/raw/IQ_Data/20260202_144906_beam1.mat,data/raw/Labels/20260202_144906_beam1.txt,1,uav,unknown,,unknown,2130.0,-5.66,310.47,1,70,71,95,31,val
20260202_144906_beam2,20260202_144906,20260202_144906,data/raw/IQ_Data/20260202_144906_beam2.mat,data/raw/Labels/20260202_144906_beam2.txt,1,uav,unknown,,unknown,2130.0,-5.66,310.47,2,70,71,95,31,val
20260202_144906_beam3,20260202_144906,20260202_144906,data/raw/IQ_Data/20260202_144906_beam3.mat,data/raw/Labels/20260202_144906_beam3.txt,1,uav,unknown,,unknown,2130.0,-5.66,310.47,3,70,71,95,31,val
20260202_144906_beam4,20260202_144906,20260202_144906,data/raw/IQ_Data/20260202_144906_beam4.mat,data/raw/Labels/20260202_144906_beam4.txt,1,uav,unknown,,unknown,2130.0,-5.66,310.47,4,70,71,95,31,val
20260202_144914_beam1,20260202_144914,20260202_144914,data/raw/IQ_Data/20260202_144914_beam1.mat,data/raw/Labels/20260202_144914_beam1.txt,1,uav,unknown,,unknown,2130.0,-5.85,310.21,1,70,71,96,32,train
20260202_144914_beam2,20260202_144914,20260202_144914,data/raw/IQ_Data/20260202_144914_beam2.mat,data/raw/Labels/20260202_144914_beam2.txt,1,uav,unknown,,unknown,2100.0,-5.85,310.21,2,69,70,96,32,train
20260202_144914_beam3,20260202_144914,20260202_144914,data/raw/IQ_Data/20260202_144914_beam3.mat,data/raw/Labels/20260202_144914_beam3.txt,1,uav,unknown,,unknown,2100.0,-5.85,310.21,3,69,70,96,32,train
20260202_144914_beam4,20260202_144914,20260202_144914,data/raw/IQ_Data/20260202_144914_beam4.mat,data/raw/Labels/20260202_144914_beam4.txt,1,uav,unknown,,unknown,2130.0,-5.85,311.19,4,70,71,96,32,train
20260202_144922_beam1,20260202_144922,20260202_144922,data/raw/IQ_Data/20260202_144922_beam1.mat,data/raw/Labels/20260202_144922_beam1.txt,1,uav,unknown,,unknown,2040.0,-4.75,311.42,1,67,68,90,26,train
20260202_144922_beam2,20260202_144922,20260202_144922,data/raw/IQ_Data/20260202_144922_beam2.mat,data/raw/Labels/20260202_144922_beam2.txt,1,uav,unknown,,unknown,2070.0,-4.57,310.42,2,68,69,89,25,train
20260202_144922_beam3,20260202_144922,20260202_144922,data/raw/IQ_Data/20260202_144922_beam3.mat,data/raw/Labels/20260202_144922_beam3.txt,1,uav,unknown,,unknown,2070.0,-4.75,310.42,3,68,69,90,26,train
20260202_144922_beam4,20260202_144922,20260202_144922,data/raw/IQ_Data/20260202_144922_beam4.mat,data/raw/Labels/20260202_144922_beam4.txt,1,uav,unknown,,unknown,2070.0,-4.75,310.42,4,68,69,90,26,train
20260202_144922_beam5,20260202_144922,20260202_144922,data/raw/IQ_Data/20260202_144922_beam5.mat,data/raw/Labels/20260202_144922_beam5.txt,1,uav,unknown,,unknown,2070.0,-4.57,310.42,5,68,69,89,25,train
20260202_144931_beam1,20260202_144931,20260202_144931,data/raw/IQ_Data/20260202_144931_beam1.mat,data/raw/Labels/20260202_144931_beam1.txt,1,uav,unknown,,unknown,2040.0,-4.75,311.92,1,67,68,90,26,val
20260202_144931_beam2,20260202_144931,20260202_144931,data/raw/IQ_Data/20260202_144931_beam2.mat,data/raw/Labels/20260202_144931_beam2.txt,1,uav,unknown,,unknown,2040.0,-4.75,311.92,2,67,68,90,26,val
20260202_144931_beam3,20260202_144931,20260202_144931,data/raw/IQ_Data/20260202_144931_beam3.mat,data/raw/Labels/20260202_144931_beam3.txt,1,uav,unknown,,unknown,2010.0,-4.75,310.94,3,66,67,90,26,val
20260202_144931_beam4,20260202_144931,20260202_144931,data/raw/IQ_Data/20260202_144931_beam4.mat,data/raw/Labels/20260202_144931_beam4.txt,1,uav,unknown,,unknown,2040.0,-4.75,311.92,4,67,68,90,26,val
20260202_144939_beam1,20260202_144939,20260202_144939,data/raw/IQ_Data/20260202_144939_beam1.mat,data/raw/Labels/20260202_144939_beam1.txt,1,uav,unknown,,unknown,2010.0,3.11,311.75,1,66,67,47,-17,train
20260202_144939_beam2,20260202_144939,20260202_144939,data/raw/IQ_Data/20260202_144939_beam2.mat,data/raw/Labels/20260202_144939_beam2.txt,1,uav,unknown,,unknown,2010.0,3.11,311.75,2,66,67,47,-17,train
20260202_144939_beam3,20260202_144939,20260202_144939,data/raw/IQ_Data/20260202_144939_beam3.mat,data/raw/Labels/20260202_144939_beam3.txt,1,uav,unknown,,unknown,2010.0,3.11,311.75,3,66,67,47,-17,train
20260202_144939_beam4,20260202_144939,20260202_144939,data/raw/IQ_Data/20260202_144939_beam4.mat,data/raw/Labels/20260202_144939_beam4.txt,1,uav,unknown,,unknown,1980.0,3.11,311.75,4,65,66,47,-17,train
20260202_144939_beam5,20260202_144939,20260202_144939,data/raw/IQ_Data/20260202_144939_beam5.mat,data/raw/Labels/20260202_144939_beam5.txt,1,uav,unknown,,unknown,1980.0,3.11,311.75,5,65,66,47,-17,train
20260202_144947_beam1,20260202_144947,20260202_144947,data/raw/IQ_Data/20260202_144947_beam1.mat,data/raw/Labels/20260202_144947_beam1.txt,1,uav,unknown,,unknown,2040.0,5.85,311.78,1,67,68,32,-32,train
20260202_144947_beam2,20260202_144947,20260202_144947,data/raw/IQ_Data/20260202_144947_beam2.mat,data/raw/Labels/20260202_144947_beam2.txt,1,uav,unknown,,unknown,2010.0,5.85,310.77,2,66,67,32,-32,train
20260202_144947_beam3,20260202_144947,20260202_144947,data/raw/IQ_Data/20260202_144947_beam3.mat,data/raw/Labels/20260202_144947_beam3.txt,1,uav,unknown,,unknown,2040.0,5.85,311.78,3,67,68,32,-32,train
20260202_144947_beam4,20260202_144947,20260202_144947,data/raw/IQ_Data/20260202_144947_beam4.mat,data/raw/Labels/20260202_144947_beam4.txt,1,uav,unknown,,unknown,2040.0,5.85,311.78,4,67,68,32,-32,train
20260202_144947_beam5,20260202_144947,20260202_144947,data/raw/IQ_Data/20260202_144947_beam5.mat,data/raw/Labels/20260202_144947_beam5.txt,1,uav,unknown,,unknown,2010.0,5.85,311.78,5,66,67,32,-32,train
20260202_144955_beam1,20260202_144955,20260202_144955,data/raw/IQ_Data/20260202_144955_beam1.mat,data/raw/Labels/20260202_144955_beam1.txt,1,uav,unknown,,unknown,2070.0,5.85,312.18,1,68,69,32,-32,train
20260202_144955_beam2,20260202_144955,20260202_144955,data/raw/IQ_Data/20260202_144955_beam2.mat,data/raw/Labels/20260202_144955_beam2.txt,1,uav,unknown,,unknown,2070.0,6.03,312.18,2,68,69,31,-33,train
20260202_144955_beam3,20260202_144955,20260202_144955,data/raw/IQ_Data/20260202_144955_beam3.mat,data/raw/Labels/20260202_144955_beam3.txt,1,uav,unknown,,unknown,2070.0,5.85,311.2,3,68,69,32,-32,train
20260202_144955_beam4,20260202_144955,20260202_144955,data/raw/IQ_Data/20260202_144955_beam4.mat,data/raw/Labels/20260202_144955_beam4.txt,1,uav,unknown,,unknown,2070.0,5.85,311.2,4,68,69,32,-32,train
20260202_144955_beam5,20260202_144955,20260202_144955,data/raw/IQ_Data/20260202_144955_beam5.mat,data/raw/Labels/20260202_144955_beam5.txt,1,uav,unknown,,unknown,2100.0,5.85,312.18,5,69,70,32,-32,train
20260202_145004_beam1,20260202_145004,20260202_145004,data/raw/IQ_Data/20260202_145004_beam1.mat,data/raw/Labels/20260202_145004_beam1.txt,1,uav,unknown,,unknown,2130.0,5.3,312.92,1,70,71,35,-29,test
20260202_145004_beam2,20260202_145004,20260202_145004,data/raw/IQ_Data/20260202_145004_beam2.mat,data/raw/Labels/20260202_145004_beam2.txt,1,uav,unknown,,unknown,2130.0,5.3,311.9,2,70,71,35,-29,test
20260202_145004_beam3,20260202_145004,20260202_145004,data/raw/IQ_Data/20260202_145004_beam3.mat,data/raw/Labels/20260202_145004_beam3.txt,1,uav,unknown,,unknown,2130.0,5.3,311.9,3,70,71,35,-29,test
20260202_145004_beam4,20260202_145004,20260202_145004,data/raw/IQ_Data/20260202_145004_beam4.mat,data/raw/Labels/20260202_145004_beam4.txt,1,uav,unknown,,unknown,2130.0,5.3,312.92,4,70,71,35,-29,test
20260202_145012_beam1,20260202_145012,20260202_145012,data/raw/IQ_Data/20260202_145012_beam1.mat,data/raw/Labels/20260202_145012_beam1.txt,1,uav,unknown,,unknown,2190.0,5.12,311.05,1,72,73,36,-28,val
20260202_145012_beam2,20260202_145012,20260202_145012,data/raw/IQ_Data/20260202_145012_beam2.mat,data/raw/Labels/20260202_145012_beam2.txt,1,uav,unknown,,unknown,2160.0,5.12,311.05,2,71,72,36,-28,val
20260202_145012_beam3,20260202_145012,20260202_145012,data/raw/IQ_Data/20260202_145012_beam3.mat,data/raw/Labels/20260202_145012_beam3.txt,1,uav,unknown,,unknown,2160.0,5.12,311.05,3,71,72,36,-28,val
20260202_145012_beam4,20260202_145012,20260202_145012,data/raw/IQ_Data/20260202_145012_beam4.mat,data/raw/Labels/20260202_145012_beam4.txt,1,uav,unknown,,unknown,2160.0,5.12,311.05,4,71,72,36,-28,val
20260202_145020_beam1,20260202_145020,20260202_145020,data/raw/IQ_Data/20260202_145020_beam1.mat,data/raw/Labels/20260202_145020_beam1.txt,1,uav,unknown,,unknown,2220.0,2.56,311.05,1,73,74,50,-14,val
20260202_145020_beam2,20260202_145020,20260202_145020,data/raw/IQ_Data/20260202_145020_beam2.mat,data/raw/Labels/20260202_145020_beam2.txt,1,uav,unknown,,unknown,2220.0,2.56,311.05,2,73,74,50,-14,val
20260202_145020_beam3,20260202_145020,20260202_145020,data/raw/IQ_Data/20260202_145020_beam3.mat,data/raw/Labels/20260202_145020_beam3.txt,1,uav,unknown,,unknown,2220.0,2.56,311.05,3,73,74,50,-14,val
20260202_145020_beam4,20260202_145020,20260202_145020,data/raw/IQ_Data/20260202_145020_beam4.mat,data/raw/Labels/20260202_145020_beam4.txt,1,uav,unknown,,unknown,2190.0,2.56,311.05,4,72,73,50,-14,val
20260202_145028_beam1,20260202_145028,20260202_145028,data/raw/IQ_Data/20260202_145028_beam1.mat,data/raw/Labels/20260202_145028_beam1.txt,1,uav,unknown,,unknown,2250.0,2.56,309.67,1,74,75,50,-14,train
20260202_145028_beam2,20260202_145028,20260202_145028,data/raw/IQ_Data/20260202_145028_beam2.mat,data/raw/Labels/20260202_145028_beam2.txt,1,uav,unknown,,unknown,2220.0,2.56,309.67,2,73,74,50,-14,train
20260202_145028_beam3,20260202_145028,20260202_145028,data/raw/IQ_Data/20260202_145028_beam3.mat,data/raw/Labels/20260202_145028_beam3.txt,1,uav,unknown,,unknown,2250.0,2.56,309.67,3,74,75,50,-14,train
20260202_145037_beam1,20260202_145037,20260202_145037,data/raw/IQ_Data/20260202_145037_beam1.mat,data/raw/Labels/20260202_145037_beam1.txt,1,uav,unknown,,unknown,2250.0,2.74,311.33,1,74,75,49,-15,test
20260202_145037_beam2,20260202_145037,20260202_145037,data/raw/IQ_Data/20260202_145037_beam2.mat,data/raw/Labels/20260202_145037_beam2.txt,1,uav,unknown,,unknown,2220.0,2.74,310.34,2,73,74,49,-15,test
20260202_145037_beam3,20260202_145037,20260202_145037,data/raw/IQ_Data/20260202_145037_beam3.mat,data/raw/Labels/20260202_145037_beam3.txt,1,uav,unknown,,unknown,2220.0,2.74,311.33,3,73,74,49,-15,test
20260202_145045_beam1,20260202_145045,20260202_145045,data/raw/IQ_Data/20260202_145045_beam1.mat,data/raw/Labels/20260202_145045_beam1.txt,1,uav,unknown,,unknown,2220.0,-3.84,311.26,1,73,74,85,21,train
20260202_145045_beam2,20260202_145045,20260202_145045,data/raw/IQ_Data/20260202_145045_beam2.mat,data/raw/Labels/20260202_145045_beam2.txt,1,uav,unknown,,unknown,2250.0,-4.02,310.24,2,74,75,86,22,train
20260202_145045_beam3,20260202_145045,20260202_145045,data/raw/IQ_Data/20260202_145045_beam3.mat,data/raw/Labels/20260202_145045_beam3.txt,1,uav,unknown,,unknown,2250.0,-3.84,311.26,3,74,75,85,21,train
20260202_145045_beam4,20260202_145045,20260202_145045,data/raw/IQ_Data/20260202_145045_beam4.mat,data/raw/Labels/20260202_145045_beam4.txt,1,uav,unknown,,unknown,2250.0,-4.02,311.26,4,74,75,86,22,train
20260202_145053_beam1,20260202_145053,20260202_145053,data/raw/IQ_Data/20260202_145053_beam1.mat,data/raw/Labels/20260202_145053_beam1.txt,1,uav,unknown,,unknown,2220.0,-3.65,310.74,1,73,74,84,20,train
20260202_145053_beam2,20260202_145053,20260202_145053,data/raw/IQ_Data/20260202_145053_beam2.mat,data/raw/Labels/20260202_145053_beam2.txt,1,uav,unknown,,unknown,2220.0,-3.65,310.74,2,73,74,84,20,train
20260202_145053_beam3,20260202_145053,20260202_145053,data/raw/IQ_Data/20260202_145053_beam3.mat,data/raw/Labels/20260202_145053_beam3.txt,1,uav,unknown,,unknown,2220.0,-3.47,310.74,3,73,74,83,19,train
20260202_145053_beam4,20260202_145053,20260202_145053,data/raw/IQ_Data/20260202_145053_beam4.mat,data/raw/Labels/20260202_145053_beam4.txt,1,uav,unknown,,unknown,2220.0,-3.65,310.74,4,73,74,84,20,train
20260202_145102_beam1,20260202_145102,20260202_145102,data/raw/IQ_Data/20260202_145102_beam1.mat,data/raw/Labels/20260202_145102_beam1.txt,1,uav,unknown,,unknown,2160.0,-5.12,311.84,1,71,72,92,28,train
20260202_145102_beam2,20260202_145102,20260202_145102,data/raw/IQ_Data/20260202_145102_beam2.mat,data/raw/Labels/20260202_145102_beam2.txt,1,uav,unknown,,unknown,2190.0,-5.12,311.84,2,72,73,92,28,train
20260202_145102_beam3,20260202_145102,20260202_145102,data/raw/IQ_Data/20260202_145102_beam3.mat,data/raw/Labels/20260202_145102_beam3.txt,1,uav,unknown,,unknown,2190.0,-4.93,311.84,3,72,73,91,27,train
20260202_145102_beam4,20260202_145102,20260202_145102,data/raw/IQ_Data/20260202_145102_beam4.mat,data/raw/Labels/20260202_145102_beam4.txt,1,uav,unknown,,unknown,2160.0,-5.12,311.84,4,71,72,92,28,train
20260202_145102_beam5,20260202_145102,20260202_145102,data/raw/IQ_Data/20260202_145102_beam5.mat,data/raw/Labels/20260202_145102_beam5.txt,1,uav,unknown,,unknown,2190.0,-4.93,311.84,5,72,73,91,27,train
20260202_145110_beam1,20260202_145110,20260202_145110,data/raw/IQ_Data/20260202_145110_beam1.mat,data/raw/Labels/20260202_145110_beam1.txt,1,uav,unknown,,unknown,2130.0,-5.3,312.15,1,70,71,93,29,test
20260202_145110_beam2,20260202_145110,20260202_145110,data/raw/IQ_Data/20260202_145110_beam2.mat,data/raw/Labels/20260202_145110_beam2.txt,1,uav,unknown,,unknown,2130.0,-5.3,311.13,2,70,71,93,29,test
20260202_145110_beam3,20260202_145110,20260202_145110,data/raw/IQ_Data/20260202_145110_beam3.mat,data/raw/Labels/20260202_145110_beam3.txt,1,uav,unknown,,unknown,2130.0,-5.3,312.15,3,70,71,93,29,test
20260202_145110_beam4,20260202_145110,20260202_145110,data/raw/IQ_Data/20260202_145110_beam4.mat,data/raw/Labels/20260202_145110_beam4.txt,1,uav,unknown,,unknown,2130.0,-5.3,312.15,4,70,71,93,29,test
20260202_145118_beam1,20260202_145118,20260202_145118,data/raw/IQ_Data/20260202_145118_beam1.mat,data/raw/Labels/20260202_145118_beam1.txt,1,uav,unknown,,unknown,2070.0,-4.93,311.7,1,68,69,91,27,val
20260202_145118_beam2,20260202_145118,20260202_145118,data/raw/IQ_Data/20260202_145118_beam2.mat,data/raw/Labels/20260202_145118_beam2.txt,1,uav,unknown,,unknown,2070.0,-4.93,311.7,2,68,69,91,27,val
20260202_145118_beam3,20260202_145118,20260202_145118,data/raw/IQ_Data/20260202_145118_beam3.mat,data/raw/Labels/20260202_145118_beam3.txt,1,uav,unknown,,unknown,2100.0,-4.93,311.7,3,69,70,91,27,val
20260202_145118_beam4,20260202_145118,20260202_145118,data/raw/IQ_Data/20260202_145118_beam4.mat,data/raw/Labels/20260202_145118_beam4.txt,1,uav,unknown,,unknown,2100.0,-4.93,310.71,4,69,70,91,27,val
20260202_145126_beam1,20260202_145126,20260202_145126,data/raw/IQ_Data/20260202_145126_beam1.mat,data/raw/Labels/20260202_145126_beam1.txt,1,uav,unknown,,unknown,2040.0,-4.75,311.28,1,67,68,90,26,train
20260202_145126_beam2,20260202_145126,20260202_145126,data/raw/IQ_Data/20260202_145126_beam2.mat,data/raw/Labels/20260202_145126_beam2.txt,1,uav,unknown,,unknown,2070.0,-4.75,311.28,2,68,69,90,26,train
20260202_145126_beam3,20260202_145126,20260202_145126,data/raw/IQ_Data/20260202_145126_beam3.mat,data/raw/Labels/20260202_145126_beam3.txt,1,uav,unknown,,unknown,2040.0,-4.75,311.28,3,67,68,90,26,train
20260202_145126_beam4,20260202_145126,20260202_145126,data/raw/IQ_Data/20260202_145126_beam4.mat,data/raw/Labels/20260202_145126_beam4.txt,1,uav,unknown,,unknown,2070.0,-4.75,311.28,4,68,69,90,26,train
20260202_145126_beam5,20260202_145126,20260202_145126,data/raw/IQ_Data/20260202_145126_beam5.mat,data/raw/Labels/20260202_145126_beam5.txt,1,uav,unknown,,unknown,2070.0,-4.75,312.27,5,68,69,90,26,train
20260202_145135_beam1,20260202_145135,20260202_145135,data/raw/IQ_Data/20260202_145135_beam1.mat,data/raw/Labels/20260202_145135_beam1.txt,1,uav,unknown,,unknown,2070.0,4.57,311.56,1,68,69,39,-25,train
20260202_145135_beam2,20260202_145135,20260202_145135,data/raw/IQ_Data/20260202_145135_beam2.mat,data/raw/Labels/20260202_145135_beam2.txt,1,uav,unknown,,unknown,2040.0,4.57,311.56,2,67,68,39,-25,train
20260202_145135_beam3,20260202_145135,20260202_145135,data/raw/IQ_Data/20260202_145135_beam3.mat,data/raw/Labels/20260202_145135_beam3.txt,1,uav,unknown,,unknown,2070.0,4.57,311.56,3,68,69,39,-25,train
20260202_145135_beam4,20260202_145135,20260202_145135,data/raw/IQ_Data/20260202_145135_beam4.mat,data/raw/Labels/20260202_145135_beam4.txt,1,uav,unknown,,unknown,2070.0,4.39,310.57,4,68,69,40,-24,train
20260202_145135_beam5,20260202_145135,20260202_145135,data/raw/IQ_Data/20260202_145135_beam5.mat,data/raw/Labels/20260202_145135_beam5.txt,1,uav,unknown,,unknown,2070.0,4.57,310.57,5,68,69,39,-25,train
20260202_145143_beam1,20260202_145143,20260202_145143,data/raw/IQ_Data/20260202_145143_beam1.mat,data/raw/Labels/20260202_145143_beam1.txt,1,uav,unknown,,unknown,2070.0,5.85,312.12,1,68,69,32,-32,train
20260202_145143_beam2,20260202_145143,20260202_145143,data/raw/IQ_Data/20260202_145143_beam2.mat,data/raw/Labels/20260202_145143_beam2.txt,1,uav,unknown,,unknown,2070.0,5.85,311.13,2,68,69,32,-32,train
20260202_145143_beam3,20260202_145143,20260202_145143,data/raw/IQ_Data/20260202_145143_beam3.mat,data/raw/Labels/20260202_145143_beam3.txt,1,uav,unknown,,unknown,2100.0,5.85,311.13,3,69,70,32,-32,train
20260202_145143_beam4,20260202_145143,20260202_145143,data/raw/IQ_Data/20260202_145143_beam4.mat,data/raw/Labels/20260202_145143_beam4.txt,1,uav,unknown,,unknown,2070.0,5.85,312.12,4,68,69,32,-32,train
20260202_145143_beam5,20260202_145143,20260202_145143,data/raw/IQ_Data/20260202_145143_beam5.mat,data/raw/Labels/20260202_145143_beam5.txt,1,uav,unknown,,unknown,2100.0,5.85,311.13,5,69,70,32,-32,train
20260202_145151_beam1,20260202_145151,20260202_145151,data/raw/IQ_Data/20260202_145151_beam1.mat,data/raw/Labels/20260202_145151_beam1.txt,1,uav,unknown,,unknown,2130.0,5.66,310.86,1,70,71,33,-31,train
20260202_145151_beam2,20260202_145151,20260202_145151,data/raw/IQ_Data/20260202_145151_beam2.mat,data/raw/Labels/20260202_145151_beam2.txt,1,uav,unknown,,unknown,2160.0,5.66,310.86,2,71,72,33,-31,train
20260202_145151_beam3,20260202_145151,20260202_145151,data/raw/IQ_Data/20260202_145151_beam3.mat,data/raw/Labels/20260202_145151_beam3.txt,1,uav,unknown,,unknown,2130.0,5.66,310.86,3,70,71,33,-31,train
20260202_145151_beam4,20260202_145151,20260202_145151,data/raw/IQ_Data/20260202_145151_beam4.mat,data/raw/Labels/20260202_145151_beam4.txt,1,uav,unknown,,unknown,2130.0,5.66,310.86,4,70,71,33,-31,train
20260202_145151_beam5,20260202_145151,20260202_145151,data/raw/IQ_Data/20260202_145151_beam5.mat,data/raw/Labels/20260202_145151_beam5.txt,1,uav,unknown,,unknown,2160.0,5.66,310.86,5,71,72,33,-31,train
20260202_145208_beam1,20260202_145208,20260202_145208,data/raw/IQ_Data/20260202_145208_beam1.mat,data/raw/Labels/20260202_145208_beam1.txt,1,uav,unknown,,unknown,2160.0,-4.02,311.45,1,71,72,86,22,train
20260202_145208_beam2,20260202_145208,20260202_145208,data/raw/IQ_Data/20260202_145208_beam2.mat,data/raw/Labels/20260202_145208_beam2.txt,1,uav,unknown,,unknown,2160.0,-3.84,311.45,2,71,72,85,21,train
20260202_145208_beam3,20260202_145208,20260202_145208,data/raw/IQ_Data/20260202_145208_beam3.mat,data/raw/Labels/20260202_145208_beam3.txt,1,uav,unknown,,unknown,2160.0,-3.84,311.45,3,71,72,85,21,train
20260202_145208_beam4,20260202_145208,20260202_145208,data/raw/IQ_Data/20260202_145208_beam4.mat,data/raw/Labels/20260202_145208_beam4.txt,1,uav,unknown,,unknown,2160.0,-3.84,311.45,4,71,72,85,21,train
20260202_145216_beam1,20260202_145216,20260202_145216,data/raw/IQ_Data/20260202_145216_beam1.mat,data/raw/Labels/20260202_145216_beam1.txt,1,uav,unknown,,unknown,2130.0,-2.19,311.64,1,70,71,76,12,val
20260202_145216_beam2,20260202_145216,20260202_145216,data/raw/IQ_Data/20260202_145216_beam2.mat,data/raw/Labels/20260202_145216_beam2.txt,1,uav,unknown,,unknown,2130.0,-2.74,312.66,2,70,71,79,15,val
20260202_145216_beam3,20260202_145216,20260202_145216,data/raw/IQ_Data/20260202_145216_beam3.mat,data/raw/Labels/20260202_145216_beam3.txt,1,uav,unknown,,unknown,2130.0,-2.38,311.64,3,70,71,77,13,val
20260202_145216_beam4,20260202_145216,20260202_145216,data/raw/IQ_Data/20260202_145216_beam4.mat,data/raw/Labels/20260202_145216_beam4.txt,1,uav,unknown,,unknown,2130.0,-2.38,311.64,4,70,71,77,13,val
20260202_145216_beam5,20260202_145216,20260202_145216,data/raw/IQ_Data/20260202_145216_beam5.mat,data/raw/Labels/20260202_145216_beam5.txt,1,uav,unknown,,unknown,2100.0,-2.38,311.64,5,69,70,77,13,val
20260202_145713_beam1,20260202_145713,20260202_145713,data/raw/IQ_Data/20260202_145713_beam1.mat,data/raw/Labels/20260202_145713_beam1.txt,1,uav,unknown,,unknown,2190.0,-5.85,311.05,1,72,73,96,32,train
20260202_145713_beam2,20260202_145713,20260202_145713,data/raw/IQ_Data/20260202_145713_beam2.mat,data/raw/Labels/20260202_145713_beam2.txt,1,uav,unknown,,unknown,2190.0,-5.85,312.03,2,72,73,96,32,train
20260202_145713_beam3,20260202_145713,20260202_145713,data/raw/IQ_Data/20260202_145713_beam3.mat,data/raw/Labels/20260202_145713_beam3.txt,1,uav,unknown,,unknown,2190.0,-5.85,311.05,3,72,73,96,32,train
20260202_145713_beam4,20260202_145713,20260202_145713,data/raw/IQ_Data/20260202_145713_beam4.mat,data/raw/Labels/20260202_145713_beam4.txt,1,uav,unknown,,unknown,2190.0,-5.85,312.03,4,72,73,96,32,train
20260202_145722_beam1,20260202_145722,20260202_145722,data/raw/IQ_Data/20260202_145722_beam1.mat,data/raw/Labels/20260202_145722_beam1.txt,1,uav,unknown,,unknown,2130.0,-5.85,312.1,1,70,71,96,32,train
20260202_145722_beam2,20260202_145722,20260202_145722,data/raw/IQ_Data/20260202_145722_beam2.mat,data/raw/Labels/20260202_145722_beam2.txt,1,uav,unknown,,unknown,2130.0,-5.85,312.1,2,70,71,96,32,train
20260202_145722_beam3,20260202_145722,20260202_145722,data/raw/IQ_Data/20260202_145722_beam3.mat,data/raw/Labels/20260202_145722_beam3.txt,1,uav,unknown,,unknown,2130.0,-5.85,312.1,3,70,71,96,32,train
20260202_145722_beam4,20260202_145722,20260202_145722,data/raw/IQ_Data/20260202_145722_beam4.mat,data/raw/Labels/20260202_145722_beam4.txt,1,uav,unknown,,unknown,2160.0,-5.85,312.1,4,71,72,96,32,train
20260202_145730_beam1,20260202_145730,20260202_145730,data/raw/IQ_Data/20260202_145730_beam1.mat,data/raw/Labels/20260202_145730_beam1.txt,1,uav,unknown,,unknown,2070.0,-5.85,311.89,1,68,69,96,32,train
20260202_145730_beam2,20260202_145730,20260202_145730,data/raw/IQ_Data/20260202_145730_beam2.mat,data/raw/Labels/20260202_145730_beam2.txt,1,uav,unknown,,unknown,2070.0,-5.85,311.89,2,68,69,96,32,train
20260202_145730_beam3,20260202_145730,20260202_145730,data/raw/IQ_Data/20260202_145730_beam3.mat,data/raw/Labels/20260202_145730_beam3.txt,1,uav,unknown,,unknown,2070.0,-5.85,311.89,3,68,69,96,32,train
20260202_145730_beam4,20260202_145730,20260202_145730,data/raw/IQ_Data/20260202_145730_beam4.mat,data/raw/Labels/20260202_145730_beam4.txt,1,uav,unknown,,unknown,2070.0,-5.85,311.89,4,68,69,96,32,train
20260202_145730_beam5,20260202_145730,20260202_145730,data/raw/IQ_Data/20260202_145730_beam5.mat,data/raw/Labels/20260202_145730_beam5.txt,1,uav,unknown,,unknown,2100.0,-5.85,311.89,5,69,70,96,32,train
20260202_145738_beam1,20260202_145738,20260202_145738,data/raw/IQ_Data/20260202_145738_beam1.mat,data/raw/Labels/20260202_145738_beam1.txt,1,uav,unknown,,unknown,2040.0,-5.85,311.96,1,67,68,96,32,train
20260202_145738_beam2,20260202_145738,20260202_145738,data/raw/IQ_Data/20260202_145738_beam2.mat,data/raw/Labels/20260202_145738_beam2.txt,1,uav,unknown,,unknown,2040.0,-5.85,311.96,2,67,68,96,32,train
20260202_145738_beam3,20260202_145738,20260202_145738,data/raw/IQ_Data/20260202_145738_beam3.mat,data/raw/Labels/20260202_145738_beam3.txt,1,uav,unknown,,unknown,2040.0,-5.85,311.96,3,67,68,96,32,train
20260202_145738_beam4,20260202_145738,20260202_145738,data/raw/IQ_Data/20260202_145738_beam4.mat,data/raw/Labels/20260202_145738_beam4.txt,1,uav,unknown,,unknown,2040.0,-5.85,311.96,4,67,68,96,32,train
20260202_145738_beam5,20260202_145738,20260202_145738,data/raw/IQ_Data/20260202_145738_beam5.mat,data/raw/Labels/20260202_145738_beam5.txt,1,uav,unknown,,unknown,2040.0,-5.85,311.96,5,67,68,96,32,train
20260202_145746_beam1,20260202_145746,20260202_145746,data/raw/IQ_Data/20260202_145746_beam1.mat,data/raw/Labels/20260202_145746_beam1.txt,1,uav,unknown,,unknown,2010.0,-5.85,312.01,1,66,67,96,32,test
20260202_145746_beam2,20260202_145746,20260202_145746,data/raw/IQ_Data/20260202_145746_beam2.mat,data/raw/Labels/20260202_145746_beam2.txt,1,uav,unknown,,unknown,2010.0,-6.03,312.01,2,66,67,97,33,test
20260202_145746_beam3,20260202_145746,20260202_145746,data/raw/IQ_Data/20260202_145746_beam3.mat,data/raw/Labels/20260202_145746_beam3.txt,1,uav,unknown,,unknown,2010.0,-5.85,312.01,3,66,67,96,32,test
20260202_145746_beam4,20260202_145746,20260202_145746,data/raw/IQ_Data/20260202_145746_beam4.mat,data/raw/Labels/20260202_145746_beam4.txt,1,uav,unknown,,unknown,1980.0,-6.03,312.01,4,65,66,97,33,test
20260202_145746_beam5,20260202_145746,20260202_145746,data/raw/IQ_Data/20260202_145746_beam5.mat,data/raw/Labels/20260202_145746_beam5.txt,1,uav,unknown,,unknown,1980.0,-5.85,312.01,5,65,66,96,32,test
20260202_145755_beam1,20260202_145755,20260202_145755,data/raw/IQ_Data/20260202_145755_beam1.mat,data/raw/Labels/20260202_145755_beam1.txt,1,uav,unknown,,unknown,1950.0,-6.03,311.93,1,64,65,97,33,test
20260202_145755_beam2,20260202_145755,20260202_145755,data/raw/IQ_Data/20260202_145755_beam2.mat,data/raw/Labels/20260202_145755_beam2.txt,1,uav,unknown,,unknown,1950.0,-6.03,311.93,2,64,65,97,33,test
20260202_145755_beam3,20260202_145755,20260202_145755,data/raw/IQ_Data/20260202_145755_beam3.mat,data/raw/Labels/20260202_145755_beam3.txt,1,uav,unknown,,unknown,1950.0,-5.85,311.93,3,64,65,96,32,test
20260202_145755_beam4,20260202_145755,20260202_145755,data/raw/IQ_Data/20260202_145755_beam4.mat,data/raw/Labels/20260202_145755_beam4.txt,1,uav,unknown,,unknown,1950.0,-6.03,311.93,4,64,65,97,33,test
20260202_145755_beam5,20260202_145755,20260202_145755,data/raw/IQ_Data/20260202_145755_beam5.mat,data/raw/Labels/20260202_145755_beam5.txt,1,uav,unknown,,unknown,1950.0,-6.03,311.93,5,64,65,97,33,test
20260202_145813_beam1,20260202_145813,20260202_145813,data/raw/IQ_Data/20260202_145813_beam1.mat,data/raw/Labels/20260202_145813_beam1.txt,1,uav,unknown,,unknown,1950.0,4.57,311.82,1,64,65,39,-25,train
20260202_145813_beam2,20260202_145813,20260202_145813,data/raw/IQ_Data/20260202_145813_beam2.mat,data/raw/Labels/20260202_145813_beam2.txt,1,uav,unknown,,unknown,1950.0,4.75,311.82,2,64,65,38,-26,train
20260202_145813_beam3,20260202_145813,20260202_145813,data/raw/IQ_Data/20260202_145813_beam3.mat,data/raw/Labels/20260202_145813_beam3.txt,1,uav,unknown,,unknown,1950.0,4.75,312.81,3,64,65,38,-26,train
20260202_145813_beam4,20260202_145813,20260202_145813,data/raw/IQ_Data/20260202_145813_beam4.mat,data/raw/Labels/20260202_145813_beam4.txt,1,uav,unknown,,unknown,1950.0,4.75,312.81,4,64,65,38,-26,train
20260202_145813_beam5,20260202_145813,20260202_145813,data/raw/IQ_Data/20260202_145813_beam5.mat,data/raw/Labels/20260202_145813_beam5.txt,1,uav,unknown,,unknown,1950.0,4.57,312.81,5,64,65,39,-25,train
20260202_145819_beam1,20260202_145819,20260202_145819,data/raw/IQ_Data/20260202_145819_beam1.mat,data/raw/Labels/20260202_145819_beam1.txt,1,uav,unknown,,unknown,2010.0,6.03,311.56,1,66,67,31,-33,train
20260202_145819_beam2,20260202_145819,20260202_145819,data/raw/IQ_Data/20260202_145819_beam2.mat,data/raw/Labels/20260202_145819_beam2.txt,1,uav,unknown,,unknown,2010.0,6.03,312.55,2,66,67,31,-33,train
20260202_145819_beam3,20260202_145819,20260202_145819,data/raw/IQ_Data/20260202_145819_beam3.mat,data/raw/Labels/20260202_145819_beam3.txt,1,uav,unknown,,unknown,1980.0,6.03,311.56,3,65,66,31,-33,train
20260202_145819_beam4,20260202_145819,20260202_145819,data/raw/IQ_Data/20260202_145819_beam4.mat,data/raw/Labels/20260202_145819_beam4.txt,1,uav,unknown,,unknown,1980.0,6.03,312.55,4,65,66,31,-33,train
20260202_145819_beam5,20260202_145819,20260202_145819,data/raw/IQ_Data/20260202_145819_beam5.mat,data/raw/Labels/20260202_145819_beam5.txt,1,uav,unknown,,unknown,2010.0,6.03,312.55,5,66,67,31,-33,train
20260202_145828_beam1,20260202_145828,20260202_145828,data/raw/IQ_Data/20260202_145828_beam1.mat,data/raw/Labels/20260202_145828_beam1.txt,1,uav,unknown,,unknown,2070.0,6.03,312.4,1,68,69,31,-33,train
20260202_145828_beam2,20260202_145828,20260202_145828,data/raw/IQ_Data/20260202_145828_beam2.mat,data/raw/Labels/20260202_145828_beam2.txt,1,uav,unknown,,unknown,2010.0,6.03,311.42,2,66,67,31,-33,train
20260202_145828_beam3,20260202_145828,20260202_145828,data/raw/IQ_Data/20260202_145828_beam3.mat,data/raw/Labels/20260202_145828_beam3.txt,1,uav,unknown,,unknown,2040.0,6.03,312.4,3,67,68,31,-33,train
20260202_145828_beam4,20260202_145828,20260202_145828,data/raw/IQ_Data/20260202_145828_beam4.mat,data/raw/Labels/20260202_145828_beam4.txt,1,uav,unknown,,unknown,2040.0,6.03,312.4,4,67,68,31,-33,train
20260202_145828_beam5,20260202_145828,20260202_145828,data/raw/IQ_Data/20260202_145828_beam5.mat,data/raw/Labels/20260202_145828_beam5.txt,1,uav,unknown,,unknown,2040.0,6.03,312.4,5,67,68,31,-33,train
20260202_145836_beam1,20260202_145836,20260202_145836,data/raw/IQ_Data/20260202_145836_beam1.mat,data/raw/Labels/20260202_145836_beam1.txt,1,uav,unknown,,unknown,2100.0,3.65,311.96,1,69,70,44,-20,train
20260202_145836_beam2,20260202_145836,20260202_145836,data/raw/IQ_Data/20260202_145836_beam2.mat,data/raw/Labels/20260202_145836_beam2.txt,1,uav,unknown,,unknown,2100.0,3.84,311.96,2,69,70,43,-21,train
20260202_145836_beam3,20260202_145836,20260202_145836,data/raw/IQ_Data/20260202_145836_beam3.mat,data/raw/Labels/20260202_145836_beam3.txt,1,uav,unknown,,unknown,2070.0,3.84,311.96,3,68,69,43,-21,train
20260202_145836_beam4,20260202_145836,20260202_145836,data/raw/IQ_Data/20260202_145836_beam4.mat,data/raw/Labels/20260202_145836_beam4.txt,1,uav,unknown,,unknown,2070.0,4.2,312.95,4,68,69,41,-23,train
20260202_145836_beam5,20260202_145836,20260202_145836,data/raw/IQ_Data/20260202_145836_beam5.mat,data/raw/Labels/20260202_145836_beam5.txt,1,uav,unknown,,unknown,2100.0,3.84,311.96,5,69,70,43,-21,train
